[[[148 145 140]
  [191 188 183]
  [225 222 217]
  ...
  [244 240 239]
  [244 240 239]
  [244 240 239]]

 [[182 179 174]
  [209 206 201]
  [229 226 221]
  ...
  [244 240 239]
  [244 240 239]
  [244 240 239]]

 [[214 211 206]
  [222 219 214]
  [227 224 219]
  ...
  [244 240 239]
  [244 240 239]
  [244 240 239]]

 ...

 [[210 210 202]
  [209 209 201]
  [209 209 201]
  ...
  [ 56  70  71]
  [ 52  66  67]
  [ 48  62  63]]

 [[210 210 202]
  [209 209 201]
  [209 209 201]
  ...
  [ 57  71  72]
  [ 51  65  66]
  [ 44  60  60]]

 [[210 210 202]
  [209 209 201]
  [209 209 201]
  ...
  [ 55  69  70]
  [ 47  63  63]
  [ 40  56  56]]]